+----Accleration-------------||----Gyro-----------------+
|-0.5938 | -0.1867 | 10.5919 || 1.3282 | 0.7176 | 0.2214|
+----Accleration-------------||----Gyro-----------------+
|-0.5962 | -0.1628 | 10.6638 || 1.542 | 0.7405 | -1.8855|
+----Accleration-------------||----Gyro-----------------+
|-0.6081 | -0.1891 | 10.635 || 1.3893 | 0.8244 | 0.1298|
+----Accleration-------------||----Gyro-----------------+
|-0.5722 | -0.1796 | 10.6303 || 1.4275 | 0.5496 | 0.2672|
+----Accleration-------------||----Gyro-----------------+
|-0.5626 | -0.1556 | 10.6494 || 1.3053 | 0.9237 | 0.2595|
+----Accleration-------------||----Gyro-----------------+
|-0.5842 | -0.17 | 10.6494 || 1.5115 | 0.8473 | 0.2061|
+----Accleration-------------||----Gyro-----------------+
|-0.747 | -0.1796 | 10.4315 || 1.2901 | 0.4733 | 0.0611|
+----Accleration-------------||----Gyro-----------------+
|-0.6369 | -0.1915 | 10.6925 || 1.5496 | 0.5573 | 0.1221|
+----Accleration-------------||----Gyro-----------------+
|-0.4669 | -0.1796 | 10.6207 || 1.3053 | 0.7099 | 0.3282|
+----Accleration-------------||----Gyro-----------------+
|-0.6057 | -0.1676 | 10.8601 || 1.542 | 0.7099 | -0.0763|
+----Accleration-------------||----Gyro-----------------+
|-0.6081 | -0.1628 | 10.6326 || 1.5344 | 0.6412 | 0.3359|
+----Accleration-------------||----Gyro-----------------+
|-0.7638 | -0.182 | 10.6638 || 1.229 | 0.4962 | 0.1374|
+----Accleration-------------||----Gyro-----------------+
|-0.5962 | -0.1772 | 10.6398 || 1.2443 | 0.771 | 0.4809|
+----Accleration-------------||----Gyro-----------------+
|-0.6536 | -0.1796 | 10.6614 || 1.5802 | 0.7252 | 0.1679|
+----Accleration-------------||----Gyro-----------------+
|-0.5914 | -0.0024 | 10.659 || 1.2366 | 0.7481 | 1.916|
+----Accleration-------------||----Gyro-----------------+
|-0.5818 | -0.1796 | 10.6207 || 1.2748 | 0.5267 | 0.3969|
+----Accleration-------------||----Gyro-----------------+
|-0.5626 | -0.0479 | 10.6781 || 1.6031 | 0.3969 | 0.1374|
+----Accleration-------------||----Gyro-----------------+
|-0.759 | -0.2059 | 10.5824 || 1.313 | 0.5191 | -1.5573|
+----Accleration-------------||----Gyro-----------------+
|-0.4717 | -0.3065 | 10.659 || 1.4427 | 0.8855 | 0.3359|
+----Accleration-------------||----Gyro-----------------+
|-0.5914 | -0.1604 | 10.6494 || 1.3817 | 0.5038 | 0.3817|
+----Accleration-------------||----Gyro-----------------+
|-0.5962 | -0.0407 | 10.6374 || 1.4427 | 0.5038 | 0.4427|
+----Accleration-------------||----Gyro-----------------+
|-0.7614 | -0.1844 | 10.6566 || 1.458 | 0.626 | 0.2519|
+----Accleration-------------||----Gyro-----------------+
|-0.6033 | -0.1724 | 10.6566 || 1.3282 | 0.7328 | 0.229|
+----Accleration-------------||----Gyro-----------------+
|-0.5842 | -0.1939 | 10.6374 || 1.4275 | 0.5344 | 0.3206|
+----Accleration-------------||----Gyro-----------------+
|-0.6201 | -0.1987 | 10.6231 || 1.4427 | 0.8779 | 0.313|
+----Accleration-------------||----Gyro-----------------+
|-0.7446 | -0.1628 | 10.6494 || 1.5191 | 0.687 | 0.3206|
