+----Accleration-------------||----Gyro-----------------+
|-0.6033 | -0.1963 | 10.6303 || 1.4656 | 0.7786 | 0.0992|
+----Accleration-------------||----Gyro-----------------+
|-0.7518 | -0.1676 | 10.6279 || 1.3282 | 0.542 | -0.0458|
+----Accleration-------------||----Gyro-----------------+
|-0.6369 | -0.1724 | 10.6398 || 1.3893 | 0.5725 | 0.4046|
+----Accleration-------------||----Gyro-----------------+
|-0.4645 | -0.2035 | 10.635 || 1.5191 | 0.5038 | 0.374|
+----Accleration-------------||----Gyro-----------------+
|-0.5962 | -0.3017 | 10.6542 || 1.3664 | 0.5954 | 0.1832|
+----Accleration-------------||----Gyro-----------------+
|-0.7638 | -0.1652 | 10.6949 || 1.4427 | 0.855 | -1.8092|
+----Accleration-------------||----Gyro-----------------+
|-0.4645 | -0.1676 | 10.6326 || 1.4351 | 0.6107 | 0.4427|
+----Accleration-------------||----Gyro-----------------+
|-0.7614 | -0.182 | 10.671 || 1.2519 | 0.687 | 0.0687|
+----Accleration-------------||----Gyro-----------------+
|-0.5722 | -0.2011 | 10.6231 || 1.7634 | 0.6336 | 1.916|
+----Accleration-------------||----Gyro-----------------+
|-0.7254 | -0.3041 | 10.6518 || 1.2214 | 0.8779 | 0.1069|
+----Accleration-------------||----Gyro-----------------+
|-0.565 | -0.2777 | 10.6159 || 1.4885 | 1.0229 | 0.2977|
+----Accleration-------------||----Gyro-----------------+
|-0.5722 | -0.1891 | 10.6518 || 1.5267 | 0.855 | 0.4504|
+----Accleration-------------||----Gyro-----------------+
|-0.5914 | -0.1796 | 10.6303 || 1.2061 | 0.687 | 0.2137|
+----Accleration-------------||----Gyro-----------------+
|-0.6033 | -0.146 | 10.6901 || 1.0916 | 0.5649 | 0.2595|
+----Accleration-------------||----Gyro-----------------+
|-0.6105 | -0.1987 | 10.7236 || 1.542 | -0.0687 | 0.0916|
+----Accleration-------------||----Gyro-----------------+
|-0.5866 | -0.182 | 10.5967 || 1.6031 | 1.0076 | 0.3282|
+----Accleration-------------||----Gyro-----------------+
|-0.5962 | -0.1556 | 10.647 || 1.4351 | 0.9084 | 0.2595|
+----Accleration-------------||----Gyro-----------------+
|-0.5866 | -0.1652 | 10.635 || 1.5115 | 0.6947 | -0.145|
+----Accleration-------------||----Gyro-----------------+
|-0.6201 | -0.3065 | 10.6398 || 1.6183 | 0.313 | 0.4046|
+----Accleration-------------||----Gyro-----------------+
|-0.5555 | -0.2083 | 10.5632 || 1.4962 | 0.9008 | 0.0153|
+----Accleration-------------||----Gyro-----------------+
|-0.5938 | -0.1867 | 10.635 || 1.687 | 0.7481 | 0.1527|
